Key,BID,ASK,STRIKE,ITYPE,ADJTHEOR,IVBID,IVASK,IVAVERAGE
XCME.ZN.SEP25,111.0937500,111.1093750,INVALID,F,,,,
XCME.ZN1.01AUG25.110:75.P,.1250000,.1406250,110.7500000,P,.0763548,849.2178632,906.8144804,878.1386772
