Key,BID,ASK,STRIKE,ITYPE,ADJTHEOR,IVBID,IVASK,IVAVERAGE
XCME.ZN.SEP25,111.1250000,111.1406250,INVALID,F,,,,
XCME.ZN1.01AUG25.110:5.C,.6875000,.7031250,110.5000000,C,.6584773,804.4208914,884.0547062,845.1139022
XCME.ZN1.01AUG25.112:25.P,1.1250000,1.1406250,112.2500000,P,1.1161882,828.3811378,1120.7944125,997.3205499
