Key,BID,ASK,STRIKE,ITYPE,ADJTHEOR,IVBID,IVASK,IVAVERAGE
XCME.ZN.SEP25,111.0781250,111.0937500,INVALID,F,,,,
XCME.ZN1.01AUG25.110:75.P,.1093750,.1250000,110.7500000,P,.0653018,829.6478981,891.5526957,860.7621582
